-556
-665
-30
-538
-136
-439
-529
15
379
320
-345
361
-476
16
-336
138
547
-56
182
291
515
-250
180
516
-150
177
-465
229
-420
-658
347
639
133
-203
-97
33
-658
-628
651
245
368
165
-369
-623
-376
-243
-465
108
-102
-414
-366
122
622
272
272
664
-647
348
-77
-569
-635
-612
234
640
-508
315
-531
592
-638
561
-469
266
219
530
-405
300
-576
419
255
610
-342
-18
-389
407
-98
398
174
-613
-162
101
558
465
-626
285
-493
389
-428
-233
127
-122
-556
265
-226
-304
-600
-464
-383
-501
-258
-1
367
-287
98
-315
663
-113
-404
-236
-454
-482
-415
354
241
-64
-656
-31
56
-114
-435
1
111
492
-308
34
356
-451
-169
-629
-245
2
468
65
-661
470
-215
374
-486
-556
642
-192
-164
461
630
-549
156
-208
30
541
-498
-11
-485
-264
586
229
290
159
-246
157
-87
-69
430
-459
45
-43
-202
-140
-261
-239
-270
3
369
136
-381
46
76
-360
116
-177
-178
-112
-657
569
-224
482
3
532
-541
108
-167
375
-341
159
-64
-607
-231
-578
-190
-74
-403
-105
397
-63
-334
535
598
226
-144
202
-399
285
-518
465
579
-436
570
-656
-60
3
275
101
539
605
602
-594
-71
240
-592
-184
-654
-93
480
-570
536
-484
-333
-145
138
-502
-220
-666
455
-346
141
-557
195
351
642
387
277
333
-479
104
145
-467
-600
367
-594
-15
-497
-426
593
-537
-553
320
493
-248
134
-43
591
-651
-79
380
591
-653
35
492
-400
-300
-116
147
-356
-30
431
199
-482
-540
-308
7
-331
645
-37
-657
499
190
664
297
-653
456
-73
-378
206
-223
167
-623
386
-420
-102
-612
49
379
-9
-646
10
304
76
394
-645
608
-439
-657
-343
-128
364
-235
567
-361
450
-261
385
74
-382
-312
305
-576
-131
108
-22
-503
-588
-391
-583
157
324
-96
158
288
293
-259
78
-532
-314
-643
490
586
151
459
-481
607
-635
-144
375
534
-62
420
-88
-301
-456
-636
-574
71
-155
-599
-563
-646
-383
-644
-294
72
-109
22
-481
134
663
582
-377
-219
-64
272
-28
-132
222
232
27
-576
-92
-295
310
270
-415
381
-613
-250
392
267
617
-299
-201
-35
-425
555
-150
644
232
111
-412
428
-334
85
512
197
330
-366
-609
575
657
280
260
-106
321
294
-464
548
116
332
-619
-649
607
-545
-615
98
-39
-625
-538
602
-35
-514
-205
591
-421
-266
-254
546
437
-333
111
551
191
527
-261
97
-260
-58
-42
301
-523
-194
-473
65
46
438
-78
-478
-406
-654
-25
-369
303
305
571
-450
-402
-631
-663
-545
616
611
-27
-614
-51
463
393
-315
-631
218
-580
-466
319
380
270
-48
147
315
-624
1
0
-358
63
-535
180
273
-91
557
340
-636
-169
441
-186
66
-252
401
-188
-648
609
-463
315
-505
603
-481
501
5
-387
495
40
653
255
-487
-33
227
-165
467
-253
-82
-619
-291
-367
-389
40
-312
392
-663
83
-339
-375
-98
447
233
452
-9
90
32
-651
-435
575
-408
-28
390
302
-215
618
567
-299
-193
232
282
248
484
426
-576
-534
100
206
-324
-311
-383
402
21
253
-181
223
-314
-399
268
-116
369
457
187
37
378
513
-557
601
15
-301
294
104
-85
222
-313
438
-273
514
-436
487
-96
-242
631
61
-51
478
265
535
448
-259
-320
493
-664
71
453
-436
533
401
341
-586
-461
138
429
157
251
-156
307
-337
141
453
-510
185
394
329
392
-159
-497
-547
-222
427
-303
395
-614
502
129
222
553
-260
-591
407
-67
-578
508
-324
464
219
342
-177
-276
-506
501
328
-541
60
182
-241
-285
41
231
-236
-48
-527
441
9
347
66
-624
-55
-102
472
-60
452
553
-232
-43
-543
-387
189
79
274
636
239
-185
0
163
-612
350
-659
370
-618
234
-165
-171
-25
-344
348
-642
651
405
-58
-257
-340
-162
-454
132
6
187
-567
368
-59
296
323
436
589
-294
-521
-248
-501
445
532
-377
-407
145
-530
171
313
-539
-277
200
476
214
-214
98
612
-509
-597
-460
592
116
-619
520
-181
554
-158
582
-594
46
-471
200
336
582
631
-306
660
498
51
-408
-364
-642
-337
426
570
-499
139
201
-380
413
352
-78
335
-113
-525
-472
421
-90
203
-165
-56
-553
-336
220
-467
-179
-438
-175
-492
-611
2
117
194
-401
482
-100
310
-402
-363
264
214
-220
-141
130
70
113
-282
-395
-417
-656
-647
-167
-411
-217
-523
-134
-238
273
580
342
558
224
114
-283
-69
410
-630
-156
564
-432
-104
406
196
-233
428
-127
158
613
662
-360
-564
646
-181
-170
-483
-336
-355
-398
-573
317
-442
29
372
-618
-538
-513
-330
383
426
493
-632
19
-397
-487
-179
-187
547
229
263
524
444
403
-207
378
-436
565
-436
504
-460
48
158
-392
227
-154
-221
-592
-444
25
-280
-451
-344
-642
277
-260
375
-365
555
532
419
-176
-617
590
446
432
-291
-84
438
193
-198
54
92
-214
487
-228
317
-179
-125
-85
-70
311
330
-109
-283
-248
-39
48
72
-208
-420
160
-620
511
442
35
40
382
117
374
-617
75
-437
62
-199
-126
-160
-156
73
-461
-593
-541
-37
-104
-98
-240
-329
-36
118
-88
328
-136
-74
116
-183
-585
488
-123
-376
-141
-248
148
222
-517
4
360
-524
25
-436
-341
-498
-350
536
89
-607
588
-469
-529
377
418
430
460
654
166
-323
-96
519
-306
-513
-291
562
440
-538
39
235
-499
-440
-603
-36
15
665
529
-476
-155
-48
474
196
-183
25
-111
-322
-152
272
-198
23
-553
590
-259
127
586
356
-480
-566
-553
430
553
-306
370
-253
452
468
415
632
378
618
-430
25
-131
-49
-613
-638
-486
489
-276
203
227
-123
224
-489
68
-77
-50
-76
-570
-276
-191
408
-95
172
-74
52
600
-531
-422
237
-181
-24
-208
-485
144
574
491
-603
-544
497
18
533
537
387
-229
536
-180
-476
-130
-225
515
343
-264
633
-287
374
432
-410
27
622
125
-275
521
403
-226
-637
608
107
9
464
-157
-536
288
518
158
551
-645
192
430
-187
268
-200
-122
-387
428
-400
-164
592
23
552
149
361
78
-53
206
-348
246
646
89
-529
-429
-493
-516
490
-605
-180
-361
-362
-102
-644
-173
-463
-320
7
587
-421
455
-303
-320
514
462
-515
-99
-504
-264
161
-465
596
-105
-575
451
597
-293
478
-586
-502
263
-308
-268
118
144
635
0
-241
-206
-496
653
376
-92
-206
-293
-540
134
618
-302
197
-576
-207
183
453
-382
-227
-598
614
45
614
218
-415
149
19
21
-118
62
654
302
634
-463
293
-152
-139
359
-90
475
218
343
-273
660
401
-397
-204
38
601
-342
648
-251
16
-395
-525
-504
118
-536
493
401
-577
-380
505
-298
-557
0
-216
-410
-226
-402
426
-135
-571
28
593
422
-149
-486
452
22
-179
-178
-88
652
311
-333
-442
502
107
-9
25
329
568
-88
439
395
377
-492
530
-437
52
399
-167
-89
325
368
406
90
-284
-340
397
63
545
-255
-54
-288
-157
83
-73
-401
-282
-199
-651
401
328
-172
436
-30
238
-66
64
190
229
-227
592
-32
-655
-202
50
-52
10
509
102
409
111
223
-171
468
-419
-405
-586
-201
-231
628
64
438
-276
417
-59
-602
635
24
12
197
281
498
-310
597
-100
103
525
616
-92
-419
-91
394
-129
184
-362
-111
264
55
-12
-392
-620
647
-333
485
441
-325
559
380
-366
423
-596
652
457
21
-494
572
493
-82
-97
527
658
-549
57
153
-443
507
636
327
-468
-286
300
-528
112
-159
-367
627
-639
24
-463
597
-618
-173
-531
162
549
312
516
-105
-323
-4
-193
42
-43
238
-624
423
406
-579
-412
144
323
475
523
303
-301
-329
-143
612
322
218
-531
449
147
-30
-472
-358
287
-548
-222
550
51
-333
662
655
309
19
-189
329
339
-349
-118
-113
133
282
351
63
5
215
-19
488
-508
509
-155
-558
29
-550
-17
70
551
339
-274
560
36
-420
368
514
5
442
-658
-268
395
-191
458
-91
-252
143
-517
-347
626
71
-441
-380
-602
-390
-147
579
627
-32
88
-314
118
-217
48
132
271
119
24
248
-290
327
646
11
-142
-322
-571
-344
505
267
537
657
391
-483
-289
358
-625
530
342
-273
528
423
165
-159
-146
-49
-335
-570
4
-78
-652
-60
-499
289
398
57
-36
-260
109
-122
414
-190
340
-6
-271
512
-57
-78
-382
-318
-111
-252
-410
-10
-147
13
-502
-563
-292
316
235
-143
653
587
609
578
381
272
-42
659
330
365
204
42
19
413
-564
647
12
-202
509
315
-98
-25
-95
-549
515
-536
619
593
-392
236
424
599
-629
665
-658
-499
472
156
143
-582
-220
280
-93
-246
629
-143
650
321
109
544
-385
-209
-286
-319
562
-321
506
-408
-162
640
525
22
65
-261
555
-651
-570
-294
-1
-8
315
-104
16
538
-475
472
653
-481
-416
231
-570
-493
-76
67
-126
-425
112
206
200
60
-571
-605
407
445
-156
-199
358
355
-177
-505
-268
-262
93
-73
358
-66
490
483
3
52
-544
-317
442
-226
-556
-517
631
196
537
-517
-476
-116
-122
19
101
-170
272
-620
-627
471
57
493
352
-611
-501
-277
189
-630
487
-240
299
-162
-500
-363
564
337
660
270
-420
-380
310
-269
419
564
-406
-299
375
108
-649
-68
96
241
61
-135
239
-535
-601
-135
13
-45
520
-566
77
-358
-18
-245
610
457
-80
-590
281
-68
458
349
-645
378
-270
-529
661
-310
426
-281
-308
-546
-594
461
-12
312
218
585
-178
-273
-77
39
-516
486
302
486
-354
237
59
542
55
399
-627
-455
158
-447
-388
392
-399
626
119
168
425
567
463
477
-519
-333
305
-407
-224
-82
485
287
410
-37
-275
-45
-573
87
-270
31
313
-435
-252
-49
13
226
493
530
-289
535
-32
186
-643
499
-322
193
-163
181
95
407
-514
409
438
-388
-389
388
20
-572
638
517
-15
406
530
406
180
51
0
-338
-30
604
-137
-473
-93
-427
610
-424
-553
-487
280
543
-253
576
137
-495
268
619
-172
559
277
111
-263
113
-294
114
49
129
412
-450
5
515
-429
-140
546
20
182
-96
-172
-218
-247
410
-417
-226
319
406
-492
252
-452
352
-514
330
-462
-406
329
216
-382
-495
447
511
582
406
303
3
274
337
-121
-310
-529
-575
-284
-492
-343
-68
-462
595
215
519
-25
552
321
-376
96
-633
548
38
23
396
411
467
68
-85
644
-331
90
-444
-169
101
-288
618
-90
-157
499
-644
-289
228
-423
380
-555
-430
-530
-361
-47
651
-236
-39
-250
-609
54
-218
-321
-299
-119
-150
359
311
-507
440
-409
128
13
-551
647
-588
128
-568
425
-229
-388
-477
307
-364
617
-294
-316
79
-429
428
-664
-566
-596
-377
-439
-92
645
625
-576
664
479
0
7
-205
-316
28
509
-486
439
140
340
399
464
212
-128
468
-424
130
443
411
-139
-95
-387
-650
376
286
-356
-74
-175
48
421
18
-201
614
-75
-128
-412
415
445
-406
-51
324
260
-40
-323
-554
-54
-613
644
289
-488
482
183
-340
-387
578
437
-600
150
-65
356
-288
-339
-527
37
-505
-370
-635
602
-417
664
219
-21
-303
-585
-318
634
518
-618
637
-269
52
-139
414
10
-527
596
297
350
-265
-235
204
649
-101
185
549
-333
662
-287
386
342
260
-312
660
-573
-56
577
-55
514
467
-509
524
-186
-331
-484
-295
-76
-295
665
466
228
28
246
-289
-521
582
-407
321
-43
-240
-272
560
84
483
-334
618
366
114
-6
35
408
-485
-34
519
-294
571
-102
-367
-472
597
236
331
17
-346
379
460
591
74
-128
515
-121
-628
-153
98
-580
-332
-375
-572
-20
631
-219
137
-345
81
468
-279
254
-553
-196
-483
-420
-190
-228
317
492
620
70
-410
-591
-457
-269
-638
24
-101
-195
529
63
308
104
-200
-423
39
-463
262
-523
512
515
377
654
661
-203
414
390
-631
342
-272
375
439
111
-55
502
-258
367
-160
-261
163
-188
-640
-243
-15
-333
-149
-280
34
-634
337
-410
359
463
550
199
-148
-262
-617
-73
119
365
350
324
-595
638
171
623
-608
559
-410
126
-661
-87
-482
-191
-280
-354
-666
612
-356
22
-59
-70
479
461
136
-193
88
318
-165
521
76
393
196
331
189
309
349
-121
261
-403
621
-3
457
199
97
490
-98
214
509
-618
-378
-413
-474
113
-368
-122
640
308
-245
-608
-294
404
-626
535
-364
-497
-101
165
331
-6
573
-248
-262
233
20
484
-275
-621
285
-255
136
258
86
473
224
-264
199
447
-220
-357
245
50
297
-430
-373
-478
-199
57
193
-143
167
358
351
107
640
-411
486
-403
-664
-288
-12
398
-258
-525
-365
-537
-251
-610
-8
-564
119
610
303
-476
144
233
165
418
351
-432
-660
400
-469
-194
434
389
543
-517
-362
-603
391
-561
479
111
-390
616
497
-387
435
-257
-298
-525
527
-645
468
-124
178
663
622
153
405
-126
112
-295
-197
468
397
362
191
-413
488
-110
376
417
-544
-485
-644
-493
45
238
239
34
537
442
-97
245
-368
-431
547
-150
-177
268
-408
101
468
-221
-430
300
466
-344
607
435
597
116
-10
-398
-453
172
375
-130
44
573
263
-509
-238
79
-313
-329
621
-228
316
367
279
-95
-124
274
275
-598
-589
394
642
6
-536
508
195
126
-190
649
179
519
54
662
-329
-221
502
455
-386
-661
423
189
142
560
122
-497
-123
-660
596
329
-98
168
-277
-624
153
-523
426
35
-24
525
650
257
552
-361
325
-192
-335
503
301
-40
-22
-350
-311
-72
178
69
-250
590
274
-196
92
-603
347
-483
-390
394
234
-451
-664
88
430
477
-95
-536
144
-95
-457
-80
-633
393
-229
382
-26
564
-547
-88
385
90
-161
304
601
350
-383
34
-246
-285
486
118
-229
83
558
66
-464
132
409
382
-645
-246
97
-139
-352
144
93
-517
34
-42
1
-411
399
382
-33
413
442
664
-350
-509
-525
-619
328
-602
-255
-70
-328
-562
-538
-78
-425
342
-28
-105
-445
-200
-38
510
293
126
317
336
598
-653
-313
501
-46
514
610
660
130
-621
-101
-531
172
89
28
-561
574
-46
-629
92
-303
-398
-346
117
133
397
-404
-627
-530
184
230
-14
-221
-256
-492
-562
-573
-382
-625
604
250
96
97
70
-591
-410
-631
-318
314
634
-187
-506
341
159
-330
-504
482
93
-18
608
-349
-75
569
313
-210
494
-270
398
110
-589
53
32
31
352
209
-386
-479
612
467
29
298
-602
-437
82
282
-649
-334
-127
-270
635
-180
122
-549
230
-326
-314
168
256
359
51
20
455
186
-314
374
-351
180
-377
-7
655
-582
340
14
-343
597
634
-262
377
-548
503
460
-311
391
42
-558
621
-194
479
156
-74
344
250
-290
226
65
-18
-322
276
336
301
-209
223
531
273
-528
-157
-406
-423
97
-338
499
-590
114
244
-314
-204
265
-279
577
468
-351
-228
565
621
595
30
568
-474
-479
-252
-257
229
342
-317
-143
-157
-171
-179
489
-629
-23
614
561
78
592
-426
570
-314
337
-124
-506
-564
593
208
635
69
-294
35
564
219
378
-228
340
-555
-347
142
71
-277
551
539
614
-251
-66
641
-392
155
-458
584
-331
-76
-536
124
341
-315
-583
181
220
561
-307
-421
-401
657
-374
-144
-644
-223
405
104
-502
345
-594
-92
612
381
174
-65
394
-560
-449
-209
-516
-513
-228
-597
227
297
-580
-600
522
-229
-158
-270
-628
-595
-82
519
637
530
-513
180
468
25
-90
239
-302
611
-234
-113
179
234
-350
-632
-71
10
-231
-625
525
1
466
-409
-141
70
204
546
117
59
58
-417
-77
543
666
-43
-276
-607
292
-31
494
410
450
215
-615
-94
-93
-185
-621
-306
342
199
-620
-223
96
-215
159
139
579
-458
-82
-281
-593
382
260
-285
-78
-123
-357
415
-44
596
-206
-200
-48
98
-172
366
-98
-68
-410
589
349
210
623
424
171
-347
-130
-326
-176
59
58
-593
529
468
-40
-184
494
-364
-384
-86
-656
445
-312
-588
-236
-592
-468
-449
-340
-247
-497
430
-248
-342
39
202
419
609
238
-599
191
0
539
-70
332
161
484
-541
-280
126
-45
160
501
-396
-148
-205
-642
-461
36
-659
329
-101
-403
-245
-407
-72
282
444
-153
545
-84
-106
187
602
388
-161
408
101
-371
305
482
-72
219
-66
153
644
264
132
-360
40
-99
218
-602
-113
71
-439
258
98
18
196
-593
-541
-33
-220
143
286
-183
-338
-389
530
-62
371
151
602
-534
361
306
-344
181
407
134
592
-169
-525
-428
363
570
-53
152
-644
656
-364
-653
126
-356
494
345
195
125
-602
-181
-282
440
56
58
-399
-483
-186
143
382
666
95
305
-72
55
119
-385
-300
555
625
345
-291
-261
-115
360
-243
616
226
182
-313
629
25
-341
-42
386
-615
-477
503
-157
-370
-127
278
581
-596
287
97
275
-579
-472
-544
-109
608
-302
541
-654
42
49
-18
-466
536
188
407
-619
-432
518
-377
545
356
-312
611
-288
220
94
-67
246
-449
-27
-41
150
-233
-317
-515
323
101
405
-227
-647
-415
-49
522
143
374
-289
154
-12
259
663
397
644
-246
-188
-73
577
629
474
496
313
-207
561
66
-25
-238
179
-269
311
-92
-574
-49
-591
466
490
-533
208
-526
170
447
560
-393
86
-246
84
241
-535
-333
449
283
136
-274
-643
405
-439
628
601
-324
-653
-176
-588
241
-334
237
649
133
-320
-476
643
262
406
531
-117
-658
-643
370
-22
92
-648
-499
-164
-362
205
341
591
15
-9
-645
299
-499
463
-631
585
362
-552
256
-285
14
-656
58
602
-501
406
643
99
-633
-502
-664
-362
443
-231
-24
-185
-321
-228
-31
-510
570
-181
-314
-226
-61
-469
392
286
-312
-156
-646
215
-591
35
562
-503
-356
-353
144
-117
322
-411
445
297
-76
246
-298
430
227
266
380
-175
-347
27
589
295
-54
235
184
-410
-245
645
180
-424
-307
547
-513
-217
-497
450
196
156
-637
-19
-247
541
308
116
-614
-631
249
601
577
-194
-472
-472
-465
48
-540
446
6
-407
490
601
273
353
111
-468
-344
279
-301
332
-417
-508
-252
-526
570
-251
620
603
638
139
-327
-338
177
-392
-415
119
-368
-412
620
-28
-335
29
-320
514
211
-229
-557
-505
402
272
-372
76
590
474
-117
-391
-388
425
544
210
125
221
177
488
-136
597
-164
347
523
102
463
207
478
625
-580
488
295
-190
-30
144
606
352
-290
-207
-380
-314
-13
-500
-360
72
186
-181
-256
-11
-649
424
418
-535
282
356
581
-214
-555
-171
324
-526
-332
-582
-323
161
-380
-177
363
144
217
-610
-637
-587
-266
319
506
325
-86
294
-490
62
146
-319
259
497
587
-611
495
414
-666
240
88
-236
-405
-644
581
-327
-361
82
110
413
-357
-563
-101
381
428
392
-295
-572
63
325
22
111
-415
340
454
-657
341
20
-90
598
-227
50
-533
209
298
-418
358
-589
207
318
576
502
-116
-157
-20
-240
-492
-112
594
179
-80
292
299
-379
545
11
-497
302
-579
-87
-529
51
274
-277
-249
81
-435
636
540
565
-344
-81
-502
-208
259
251
-621
-630
300
-226
333
3
-608
-163
256
520
440
289
-371
-190
-568
-39
-39
-32
-312
490
-454
-69
492
400
635
23
-415
-107
-594
571
469
-168
-343
528
-659
-12
-244
258
210
-550
561
21
-313
-349
514
-267
-415
259
-197
638
64
92
467
-222
-187
-185
-640
-493
487
-204
-602
204
-122
-608
23
398
-114
-58
-189
662
176
-386
-254
-368
328
242
-193
-320
182
190
275
80
11
430
-319
-639
282
-157
523
398
380
-207
465
-10
-97
572
-623
-274
497
48
-666
558
-148
24
389
-624
422
458
73
-310
160
458
-483
434
-154
598
436
619
-288
-585
-349
-285
164
-514
119
265
-364
54
344
551
-577
-191
-642
565
-91
-319
-25
-277
245
-129
490
-578
310
95
477
366
487
230
132
-384
86
323
-332
-243
604
375
467
-408
-426
-218
-64
-401
-79
-666
-593
-526
-132
-175
-645
111
-322
-91
-564
492
159
364
-215
289
561
310
-234
481
-310
274
0
-340
162
460
107
-456
535
379
551
-161
93
-45
-348
145
230
-574
323
328
339
-456
-213
-607
-449
-172
86
611
-618
291
-421
-238
318
-263
-241
626
-10
-583
7
-488
-622
311
370
473
-512
224
116
-528
-559
73
353
486
-615
433
272
368
-96
-393
464
52
6
338
473
-106
-298
165
-94
280
316
661
-470
495
451
402
-563
-368
-56
-242
632
327
-456
-637
264
-359
94
421
520
654
453
26
167
390
-157
-232
-433
-200
-342
316
-157
467
192
-218
-101
177
-12
-657
224
334
-568
-571
38
-509
59
167
491
173
-206
-187
437
320
378
-529
-472
-419
206
530
-596
-583
97
-460
-76
-314
14
-19
-443
565
541
-648
-373
-30
-456
-75
501
41
-304
237
-607
424
649
-410
-653
-124
-45
-481
341
153
-522
263
-661
-610
-638
595
-337
76
412
298
633
485
499
190
-552
-162
-181
-631
121
654
-361
556
-659
-453
-661
162
321
-42
-535
-193
-563
476
-608
-661
144
-141
-423
-308
-630
-558
-179
-304
255
325
643
376
-173
-238
-397
-301
-440
398
27
-653
490
647
-7
213
-324
247
-332
25
645
-316
-95
-50
313
533
92
-459
554
526
275
197
-230
-348
597
-36
437
54
-269
-571
-371
564
-235
-307
527
219
407
321
449
189
-81
-302
-244
9
34
-289
-407
608
-9
589
102
51
-146
-390
-68
-436
-432
260
85
618
-137
-27
-87
-478
-457
14
-595
-335
591
322
-302
-100
643
122
-446
349
-191
147
-624
633
-428
281
134
285
-339
662
-347
334
-473
-124
-19
-579
-574
-178
174
-45
226
-180
-204
85
420
-282
-136
265
-296
29
-240
-306
160
-438
436
36
-568
-6
159
369
456
412
-115
-622
-570
85
583
292
-215
604
-590
-510
-585
-544
124
-214
304
340
-575
242
105
563
-115
201
-149
335
551
121
-209
-644
-104
-349
-545
-203
590
-256
382
-559
137
241
-97
-109
275
-366
640
536
379
-469
-664
260
-608
-321
-309
-420
-644
-172
274
-105
-258
-21
535
242
-359
411
119
-543
81
-188
626
133
-532
-412
576
-126
-280
-205
70
-491
-331
101
-390
116
467
-134
-159
169
639
377
293
-172
-333
-92
-524
-23
-646
160
606
384
402
-401
-445
499
-382
640
-195
541
428
161
-45
371
631
-78
94
-333
46
-590
331
569
311
70
624
-286
-9
-243
-400
-594
176
-399
19
481
-328
-266
-139
-258
368
580
314
174
515
-555
290
46
-129
425
-11
112
-240
483
392
-447
-272
-512
-462
250
56
-287
600
191
-580
-536
358
-2
-329
-561
-564
-90
649
334
335
254
561
240
380
166
441
-373
521
136
514
652
561
658
341
-475
-652
277
-50
33
365
162
74
-615
-285
-344
276
398
366
141
645
502
-434
-612
351
-379
-215
525
-74
-586
-54
70
20
508
605
501
47
-204
551
-554
296
-38
482
515
468
-532
-185
-80
222
-270
-44
502
49
-456
116
190
-9
458
-20
-413
275
193
181
-488
-473
-575
-372
-226
286
74
-74
-606
-375
468
50
242
-12
362
-372
12
-274
-606
195
-494
650
73
617
399
-616
-38
-35
566
128
370
-656
432
-377
-201
286
-194
-329
-632
-591
-650
71
-365
648
436
-629
133
-4
258
-535
-493
81
175
355
-517
491
-542
375
-85
620
-320
-431
-148
-524
-591
-333
86
-410
479
-124
-210
-74
-257
118
-414
-416
-438
-602
-347
-305
-64
-428
-99
502
81
653
-466
-145
-419
-4
-388
44
-132
-520
-206
-593
280
-555
106
30
-33
637
99
261
180
-113
-199
-167
-481
660
543
-660
-351
-639
161
618
-451
105
413
44
86
-20
220
-256
188
-637
30
-349
434
96
-334
-353
-75
-44
245
-572
-553
-25
587
-308
579
584
-594
551
393
-536
-547
613
-323
403
35
122
-98
494
-286
-532
-381
-437
544
49
600
409
-508
-499
494
-425
-83
232
-558
-66
-503
169
-320
577
662
431
292
167
165
-653
651
160
-459
-347
521
-190
448
-514
352
-130
367
200
-179
369
-258
518
-322
-659
169
153
-543
-40
-271
558
468
-33
417
-351
347
-503
-306
-111
405
-384
-45
637
2
641
-130
287
-294
-504
440
488
387
400
47
-245
638
-175
630
230
-342
-566
612
460
-399
-457
-330
-196
386
-142
-507
314
666
-251
165
411
-309
-377
-317
529
526
615
518
196
7
191
96
496
282
-336
533
163
205
365
316
-454
-364
-432
-342
-455
-322
523
-337
429
-175
364
-45
504
66
566
-161
543
-395
661
-160
-629
477
15
-294
-120
-171
27
17
304
638
-264
-598
100
-457
563
157
-472
356
-388
177
390
468
-364
-360
512
515
321
110
510
-627
-610
244
-286
113
-29
150
374
269
-132
-549
52
259
-381
616
-356
-351
95
637
-14
-219
595
-10
-632
-358
-370
-279
-464
389
503
-659
229
-523
-461
-344
-42
-475
-273
-18
-346
-478
444
-584
-570
356
-172
170
110
-350
-363
-290
-522
601
441
-575
197
179
55
270
-502
-355
-390
-553
-546
-430
-148
338
-526
549
79
-436
491
-285
243
641
-187
338
616
591
104
-654
-230
362
-119
0
131
-464
-451
445
-173
-522
-520
-191
635
-513
-185
-326
587
-158
360
-195
229
290
335
499
-167
-654
-183
632
255
-177
76
317
563
-481
611
93
443
-571
144
39
624
247
165
-89
573
-243
383
-53
-273
354
-662
207
38
492
400
583
10
-307
-230
390
77
-127
-590
-69
384
-407
-641
-78
-564
-278
127
-109
-633
-584
2
106
115
-555
222
-585
147
119
-318
-295
531
-85
-28
-174
104
518
96
395
314
180
-391
-590
-253
-634
270
235
606
-160
-178
-99
529
517
455
-303
-8
-184
-121
117
225
-14
-309
-302
433
126
-442
-584
9
-499
541
146
-62
152
523
-407
545
357
-627
12
-245
-246
455
486
-364
-28
505
-480
-461
-298
299
60
435
390
-152
175
-218
329
-467
93
-545
-397
-398
-597
-304
-233
-469
-210
-63
294
644
-574
171
-378
258
42
-306
364
-324
-389
-43
233
192
-73
-50
569
-275
-1
449
290
552
-521
482
80
487
-646
-620
-247
640
154
-615
-345
-155
594
409
-88
397
-127
-95
-291
-438
-627
-160
237
568
-632
35
-203
-434
-312
444
235
-540
-443
647
596
508
343
81
319
-290
367
486
-202
651
-416
-371
471
79
-400
251
-198
-219
217
650
327
-568
397
657
-94
533
-634
-22
-361
6
-413
656
-49
150
-625
-86
-483
-228
625
111
-243
-223
215
189
-222
409
-377
-195
-501
513
-72
412
-271
-396
87
-132
63
-328
536
-333
67
118
-464
-294
173
-300
544
-500
96
456
419
-92
44
-26
42
-574
338
-55
82
-389
461
-355
-553
-252
-636
384
192
-96
-216
-105
358
-291
533
-588
245
508
179
244
-559
178
-125
164
572
565
183
-397
-147
381
-226
626
661
269
89
649
621
532
-452
442
548
-402
94
532
526
-47
-126
512
269
-580
174
-121
36
363
-65
521
-433
241
-118
225
-528
150
219
-512
-615
-562
415
-10
97
-529
173
-510
435
622
-403
-177
-275
-310
372
186
2
248
489
107
66
394
549
297
-163
-457
-551
-308
117
-95
-232
-204
550
96
-52
-386
-41
349
166
571
564
-25
-461
-196
-645
286
-344
-208
622
-476
608
-254
-185
110
450
593
-207
-273
-166
204
-55
-204
529
-55
-388
-301
36
-63
-60
-126
-578
50
202
315
-194
606
616
-383
-38
268
-18
644
-654
-294
-588
25
665
175
183
215
-351
85
187
-440
-78
-562
294
496
-193
-405
545
98
-427
-613
-423
-583
555
259
-81
396
-549
234
-35
-75
252
-266
-560
-453
-383
-429
321
266
-258
-161
-500
-457
288
155
518
-124
-470
336
-68
284
10
-339
-440
-297
66
66
-55
232
15
362
-580
-605
-120
-4
-396
262
134
-42
306
546
411
-82
-262
569
478
140
-527
-315
-128
391
176
43
-526
-252
348
229
623
500
223
614
152
-450
-419
405
197
77
-186
-358
111
88
-118
119
400
-126
326
32
22
258
-258
-295
108
-210
407
-259
349
-353
634
-106
-424
-533
301
-305
-51
361
-584
-215
479
239
543
218
75
325
2
-456
550
273
-28
-215
54
-509
-15
-147
-661
-207
235
-21
-553
-439
440
-89
-661
447
-644
464
-193
88
-638
434
555
-251
370
579
390
-510
-313
-185
584
-181
165
-141
453
-221
295
189
244
-417
-396
-245
270
212
332
630
-64
-593
-114
379
-83
340
193
419
11
-131
428
-298
-406
-98
554
-111
-242
250
-247
192
-223
476
-83
498
-555
285
519
-546
-92
-395
538
-315
360
-149
396
-537
-352
-491
-178
249
-190
-115
-443
-304
436
63
503
-8
-541
476
148
85
90
17
-64
399
29
315
-409
262
-369
-571
623
212
-412
428
417
-564
370
-103
-416
-422
-490
283
144
91
-116
477
131
-447
-110
570
330
317
-146
-499
400
-522
148
-131
-473
-265
-397
-558
-449
465
530
660
76
-602
208
372
389
-538
-284
272
-132
527
-110
438
632
187
125
-198
-307
209
519
-583
-12
360
-6
-449
194
-428
62
172
517
521
342
-175
330
-540
-61
177
430
-321
-15
532
166
203
-655
-425
-81
226
230
-182
638
-380
-67
294
420
46
338
-261
-305
-607
497
81
91
-563
-408
629
-19
-291
425
352
118
-522
-12
-180
-603
-449
-389
17
-10
58
638
-175
-639
445
-504
336
45
-266
587
519
73
-177
50
463
-476
-293
175
452
-162
179
-38
-538
-126
-297
-198
-123
298
50
138
-126
665
-446
633
-219
413
-318
-646
414
518
-333
-46
-89
87
229
527
-224
-59
-638
-237
-225
334
-195
-108
155
584
-594
-331
-638
196
-447
226
-213
-289
624
293
459
-493
-527
-491
338
-592
-290
-129
-33
-251
-92
232
-222
-654
19
-149
-547
20
556
-551
624
192
-310
275
610
-57
105
179
491
-534
-557
-663
601
572
485
351
267
-500
72
-605
-624
-630
176
-656
487
-566
578
112
-555
407
-60
121
262
180
236
463
487
-465
-8
439
229
470
-74
-576
541
659
-97
-114
-504
156
633
490
662
-224
460
-408
150
-157
-176
-522
-188
-485
-655
224
15
408
-440
108
-556
382
-86
67
272
520
550
-112
-227
-354
-201
444
-379
128
426
-514
-268
-151
-217
-341
-517
525
296
649
136
230
117
-598
365
-372
-453
-173
370
-87
-517
552
-489
-408
448
-596
-290
-307
537
580
246
-32
-17
-162
487
465
93
236
456
246
627
-520
76
340
650
-18
488
428
623
-29
-528
492
454
-202
104
45
-130
7
-356
34
-110
-278
265
470
485
553
331
195
-98
239
80
-434
207
286
62
140
616
597
-130
231
-455
253
585
-658
579
547
633
465
-218
-369
-63
-422
255
335
426
463
470
235
581
581
-640
-396
-639
-439
-656
-17
384
-9
-566
-558
-378
-63
99
632
-599
316
-39
485
192
-410
-347
530
560
213
-506
-576
432
-369
-526
-10
88
-365
588
-661
480
12
269
-412
263
-641
-462
-5
-375
-598
-111
-575
-167
-558
-388
-563
142
290
350
266
-415
647
219
-493
-433
224
-243
666
-93
575
-481
584
107
-154
-435
286
-491
446
-305
196
-8
22
143
344
-492
-120
-601
-567
636
390
240
-441
-346
-598
66
385
229
-272
-618
421
135
-152
567
-33
-38
-256
230
78
4
584
654
-129
536
438
423
-642
-263
307
-94
-649
421
344
-314
-383
-326
504
-621
-304
637
81
-361
355
81
247
56
-324
-326
143
291
-420
456
-657
625
584
507
-6
587
-626
425
36
-287
10
178
519
-466
562
219
-532
-249
-641
-583
212
-7
-243
550
-617
482
458
-569
-631
447
306
-308
264
-524
-26
241
-267
10
-639
458
-282
-485
-165
213
-150
384
-652
-329
156
-625
245
641
204
476
-368
337
434
-529
-147
147
-407
496
-327
-654
-158
-61
268
656
432
-466
-83
536
530
120
-201
422
-325
264
-442
560
-623
-281
638
-600
57
-155
-308
-14
-61
89
500
561
268
122
592
-496
-577
-11
-301
653
-509
193
-563
111
-44
-292
256
106
-128
52
460
-522
-176
-312
-52
-452
638
-156
531
-267
-19
303
-285
215
-621
-426
529
-600
78
522
16
-209
-238
-159
-295
71
503
77
178
582
602
-400
-592
-373
-451
247
-112
71
-266
89
-245
108
138
404
-633
-148
232
-560
64
359
423
-171
350
572
-524
282
445
238
625
-155
418
593
514
197
660
27
518
389
-109
204
231
-613
262
591
322
639
451
-110
-167
-149
-36
67
60
540
458
-277
653
-418
574
63
-478
-413
-287
-626
282
-532
662
286
-366
134
434
542
-105
591
-459
376
-419
152
-307
529
-258
-359
408
517
304
293
-178
122
144
-23
446
-141
-402
-309
-209
-176
289
25
-361
340
55
-281
-132
105
89
37
26
-560
-161
543
524
159
-93
437
-566
486
-363
-61
600
295
-524
136
349
105
-296
501
336
-72
472
90
-506
393
-457
-158
347
-484
-138
86
140
-122
-134
-473
-5
-231
-215
361
122
646
-416
-358
-401
532
-85
442
-115
-323
432
-427
-595
182
-15
-113
-126
396
-548
-586
218
-2
-362
-596
-241
604
2
-355
141
232
209
-2
-211
121
239
-297
-624
85
229
107
16
612
-424
658
-308
-472
56
-23
-17
657
-368
-345
-329
332
397
-339
371
-340
-43
-529
-78
661
604
471
-326
-80
136
166
-257
306
-248
-13
238
-547
345
651
434
192
391
-133
239
-233
-4
-8
-10
-637
508
-486
346
160
-21
224
198
-202
177
310
-34
628
-293
296
-75
-180
379
64
-502
64
-341
-666
114
-569
400
389
-23
7
259
-536
79
-92
454
42
89
-78
-578
-355
-574
-325
219
-172
409
452
550
-243
-16
565
-375
-367
-123
320
-180
-20
52
-54
-124
508
-305
304
-332
37
-40
-624
533
382
406
278
99
172
-545
213
-245
353
104
401
272
-581
-563
387
397
-566
394
103
528
251
25
-32
38
-539
-301
-325
-209
-33
383
-143
-129
337
441
-600
596
349
-640
5
472
210
-24
-443
-563
569
540
-560
-42
-392
264
158
593
-187
114
628
325
347
440
-193
330
616
191
-292
-340
-315
195
526
-94
505
-118
-460
531
-336
-357
-645
-32
-115
-515
441
455
60
116
-624
55
-149
110
24
-210
338
469
19
195
20
-195
328
-662
-393
357
-293
-131
529
598
-101
-21
-247
-234
-341
-571
-226
-143
-661
456
509
421
170
37
186
271
463
641
-160
-35
242
-312
566
107
-437
-67
613
-518
-298
-433
508
414
-524
593
419
-384
121
-534
-28
467
254
-19
645
381
67
222
135
126
-111
359
177
-195
-455
571
-611
-17
-107
237
-251
658
-33
551
-332
177
-605
556
-578
492
-383
-603
487
-166
382
-365
25
-358
-406
606
-391
549
-455
-622
141
57
491
-229
-469
205
-450
31
-36
-624
166
-221
-583
-296
-560
-3
-194
-249
384
420
-482
-433
359
-579
468
-264
-559
-161
-231
-518
531
-511
126
-378
136
-627
657
-222
378
319
-512
391
-544
59
-546
-65
358
335
643
-37
-40
-644
-629
-660
413
-93
261
-605
420
-513
